0.8
1.5
2.5
1.5
2.6
2.8
2.9
1.8
2.4
3.5
1.6
2.2
2.4
1.8
3.6
4.2
3.8
2.5
4.0
2.7
4.0273305547833
4.6299855583978
5.2369104057697
6.0057590983081
5.5631483728491
5.7505255999929
5.0719661286994
4.3356546474834
4.0214508179515
3.8189684385837
3.2445278352657
3.9033956244571
3.7899547062742
3.6908771202388
3.4117516113307
2.8919842757367
3.3289925746775
3.1680419628610
3.1893452870749
3.9725878644049
4.5368642140278
5.0873824512310
4.2997593598640
3.7143399747815
4.1520108818271
4.8507222099134
5.3814091381089
5.7189886272630
5.0203152635159
5.0669578897747
4.3833572909533
5.0661890189994
4.8600576385510
4.5283169214431
3.7603974112091
3.1314295695889
2.3893408826784
1.5909258101646
1.1004253872245
1.0000000000000
1.6503342852957
1.3906528158741
1.1644609504026
1.5679461969348
1.9750382108878
2.6419299601269
3.2425527990134
2.5517343237212
2.5741656951603
2.8947780896299
2.5742427834511
3.1230083716887
3.6498502737408
3.2405008124342
3.8416115991151
3.5128918630349
3.1574509766050
3.2219245129250
3.6262461416590
3.4681012879286
2.9228788513022
2.4067876332191
3.1350893764638
2.4700076138990
1.7022199703506
1.0279433831661
1.0000000000000
1.0000000000000
1.0000000000000
1.6388390734514
1.0940010040231
1.0000000000000
1.4490462825220
2.0636869527200
1.5414574724815
1.6393899159194
2.2051569542949
2.6632774960218
2.8589114987055
3.3907367012627
3.5024916079897
3.9837850203408
4.6488640388984
5.2926645153411
4.5542040536953
4.0426162899452
3.5638541100108
3.3778214391498
3.9801462093206
4.2646402426290
4.3664215104693
4.4160014140473
3.7655163292261
3.9604211163297
4.5915361573793
4.2325455361846
3.5081218733932
3.2895867321589
4.0839874689351
3.7119063174153
3.3676649872386
2.8652221878139
3.0350491909331
2.2892191967818
2.0623589039203
1.8583665403037
1.7594746688524
2.2561348583207
1.5446636355907
1.4240169461522
1.5766196758352
1.6495175533294
2.4146535352930
2.3588483274283
3.1226867328651
2.9855299149880
3.1099014911621
2.9713003795926
3.1984663481108
3.0334041982534
2.3238582782666
1.5590981400198
1.1309827166924
1.8680937052396
1.3257466491259
1.5411008073264
1.5341869353016
1.0000000000000
1.3841528812061
1.0604479002176
1.0000000000000
1.0000000000000
1.1331399767048
1.2477400175276
1.0016677272288
1.0000000000000
1.7100471338254
2.4761336446234
2.8792353642660
3.6738685151392
3.9252231769067
3.2569272382996
2.5508108317818
3.1500943727401
3.0507353392605
3.5313378037400
3.4570808909345
4.1081077668679
4.8453090099221
5.5968138760309
5.9314508949893
5.3850055286557
5.5357898329408
5.0643655693125
4.4060476760233
3.9883976974878
4.6668758068305
4.0693165750549
4.8300794487685
4.8385027619635
4.8109745397884
5.0224815054830
5.6520273214509
6.2367690557161
6.8448043633013
6.7277914998138
5.9588611318008
5.7681133018297
6.4746185623039
5.6981309529349
5.2593126380555
4.9158398611656
5.3041046383114
5.5703853216910
5.9462422956911
6.4035815347507
6.1915369580872
6.9064383051451
6.4898565187808
7.0506694387343
7.3066544812029
7.0942977030345
6.4455310001980
7.0239847760040
6.2788587944109
5.5262661142324
5.4430893488392
5.4924031753941
5.8099240901110
5.9711737401080
6.4794198818859
6.9037024240154
7.2995685678424
7.0513353554181
7.8408691042971
7.2412460364977
8.0313583759191
7.4271300914548
6.6692404363833
6.1381852471025
5
5
5.70000000000000
5.60000000000000
6
6
5.80000000000000
5.90000000000000
5.90000000000000
5.70000000000000
6
5.90000000000000
5.60000000000000
5.50000000000000
6
5.30000000000000
5.80000000000000
5.40000000000000
6
5.90000000000000
5.30000000000000
5.50000000000000
5.60000000000000
5.80000000000000
4.60000000000000
5.20000000000000
5.70000000000000
5.70000000000000
5.10000000000000
5.50000000000000
5.40000000000000
5.20000000000000
5.50000000000000
4.80000000000000
5.50000000000000
4.70000000000000
4.60000000000000
5.30000000000000
5
4.50000000000000
4.50000000000000
4.80000000000000
5.10000000000000
5
5.20000000000000
5.20000000000000
5.50000000000000
5.30000000000000
5.20000000000000
2.30000000000000
3.40000000000000
3.50000000000000
4.10000000000000
2.90000000000000
0.800000000000000
1.60000000000000
3.90000000000000
3.80000000000000
3.90000000000000
3.80000000000000
3.50000000000000
3.60000000000000
3.70000000000000
4.30000000000000
4.30000000000000
3.40000000000000
3.10000000000000
7.10000000000000
7.90000000000000
8.50000000000000
10.3000000000000
10.5000000000000
9.60000000000000
9.60000000000000
8.10000000000000
9.30000000000000
8.40000000000000
7.30000000000000
8.90000000000000
7.10000000000000
9.50000000000000
8.80000000000000
6.90000000000000
7.60000000000000
6.80000000000000
8
8.10000000000000
8
3.30000000000000
3.50000000000000
3.20000000000000
3.70000000000000
3.90000000000000
7.10000000000000
7.70000000000000
8.40000000000000
7.90000000000000
9.90000000000000
11.7000000000000
8.80000000000000
5.10000000000000
4.30000000000000
2.60000000000000
3.40000000000000
6.70000000000000
8.70000000000000
8
6.60000000000000
6.70000000000000
7.50000000000000
6.30000000000000
7.40000000000000
7
7.20000000000000
6.30000000000000
7
7.60000000000000
8.50000000000000
9.50000000000000
12.7000000000000
10.2000000000000
8.10000000000000
8.20000000000000
9.30000000000000
4.80000000000000
4.70000000000000
3.70000000000000
4.40000000000000
4.40000000000000
5.60000000000000
4.60000000000000
4.70000000000000
2.90000000000000
3.90000000000000
3.90000000000000
3.40000000000000
7.30000000000000
6.40000000000000
7.70000000000000
9.10000000000000
9
10.6000000000000
8.50000000000000
11.2000000000000
10.5000000000000
9.90000000000000
9.50000000000000
10.5000000000000
11.3000000000000
10
10.2000000000000
11.3000000000000
11
9.70000000000000
7.50000000000000
8
7
7.50000000000000
7.60000000000000
7.90000000000000
7
7.20000000000000
6.50000000000000
10
10.3000000000000
9.30000000000000
4.50000000000000
4.30000000000000
3.20000000000000
3.60000000000000
3.30000000000000
3.20000000000000
8.30000000000000
9
8.80000000000000
9.40000000000000
9.10000000000000
10.1000000000000
11.9000000000000
10.9000000000000
9.80000000000000
11.3000000000000
12.4000000000000
10.1000000000000
10.2000000000000
12
10.4000000000000
11.3000000000000
11.3000000000000
11.2000000000000
10.6000000000000
10.3000000000000
11.2000000000000
11
9.60000000000000
12.3000000000000
12.5000000000000
11.7000000000000
11.4000000000000
11.4000000000000
12.1000000000000
14.3000000000000
13.3000000000000
5.70000000000000
3.80000000000000
4.90000000000000
4.80000000000000
4.10000000000000
4.90000000000000
4.80000000000000
3.80000000000000
4.70000000000000
4.50000000000000
4
5.30000000000000
4.70000000000000
3.30000000000000
3.80000000000000
4.10000000000000
3.80000000000000
6.70000000000000
8.50000000000000
10.1000000000000
12.2000000000000
10.5000000000000
13.4000000000000
12.2000000000000
12.2000000000000
11.8000000000000
12.5000000000000
12.8000000000000
13.5000000000000
12.1000000000000
13.2000000000000
11.9000000000000
12.5000000000000
9.90000000000000
9.10000000000000
8.70000000000000
9.50000000000000
10.4000000000000
5.20000000000000
5.10000000000000
4.70000000000000
4.90000000000000
4.30000000000000
4.40000000000000
4.90000000000000
4.90000000000000
5.10000000000000
5.30000000000000
4.80000000000000
4.80000000000000
4.60000000000000
4.20000000000000
4.20000000000000
5
5.10000000000000
4.50000000000000
4.70000000000000
4.50000000000000
4
4.50000000000000
3.90000000000000
5
4.80000000000000
4.60000000000000
4.10000000000000
4.70000000000000
5
5.10000000000000
4.70000000000000
4.90000000000000
4.90000000000000
4.90000000000000
4.60000000000000
4.90000000000000
4.80000000000000
5.40000000000000
5.10000000000000
4.90000000000000
4.60000000000000
5
5.10000000000000
5.20000000000000
5.30000000000000
5
5.10000000000000
5.10000000000000
5.30000000000000
5.10000000000000
5.30000000000000
5.40000000000000
5.10000000000000
4.90000000000000
5.10000000000000
5.10000000000000
4.30000000000000
5.10000000000000
5.20000000000000
5.40000000000000
4.90000000000000
5.50000000000000
5.40000000000000
5.70000000000000
5.50000000000000
5.20000000000000
5.10000000000000
5.80000000000000
5.50000000000000
5.40000000000000
5.80000000000000
5.30000000000000
5.90000000000000
5.70000000000000
5
5.10000000000000
5.40000000000000
5.70000000000000
5.90000000000000
5.40000000000000
5.10000000000000
5.10000000000000
5.60000000000000
5.10000000000000
5.70000000000000
5.40000000000000
5.40000000000000
4.80000000000000
5.80000000000000
5.50000000000000
5.60000000000000
5.70000000000000
4.90000000000000
5.50000000000000
5.20000000000000
5.40000000000000
5.70000000000000
5.80000000000000
5.70000000000000
5.60000000000000
5.40000000000000
5.80000000000000
5.60000000000000
5.40000000000000
5.60000000000000
5.50000000000000
5.20000000000000
5.90000000000000
5.50000000000000
5.40000000000000
4.60000000000000
4.80000000000000
5.30000000000000
5.30000000000000
5.40000000000000
5.20000000000000
4.90000000000000
4.80000000000000
5
4.90000000000000
5.40000000000000
4.90000000000000
5
4.90000000000000
5
4.90000000000000
5.10000000000000
5.30000000000000
5.80000000000000
5.10000000000000
4.90000000000000
4.50000000000000
5.20000000000000
5.20000000000000
5.30000000000000
5.40000000000000
5.10000000000000
5.40000000000000
5.60000000000000
5.50000000000000
5.70000000000000
5.10000000000000
4.20000000000000
5.20000000000000
5.50000000000000
5.50000000000000
5.40000000000000
5.20000000000000
5.40000000000000
5
5.50000000000000
5.60000000000000
5.60000000000000
5.70000000000000
5.40000000000000
5
5.50000000000000
6
5.80000000000000
5.80000000000000
5.10000000000000
3.20000000000000
10.9000000000000
9.60000000000000
3.10000000000000
4.40000000000000
7.20000000000000
5.20000000000000
5.80000000000000
6.20000000000000
6.90000000000000
6.50000000000000
7.60000000000000
4.30000000000000
5.90000000000000
4.80000000000000
9.30000000000000
6.90000000000000
11.1000000000000
8.10000000000000
10.4000000000000
10.8000000000000
8.40000000000000
9.30000000000000
12.3000000000000
9.20000000000000
10.5000000000000
9.40000000000000
6.90000000000000
3.40000000000000
0.900000000000000
0
0
0
0
0.400000000000000
0.100000000000000
5.10000000000000
9.70000000000000
8.60000000000000
8.40000000000000
8.10000000000000
9.40000000000000
5.60000000000000
7.60000000000000
8.40000000000000
6.70000000000000
5.40000000000000
4.50000000000000
2.90000000000000
3.30000000000000
4
7.60000000000000
6.90000000000000
6.20000000000000
6.70000000000000
8.80000000000000
7.80000000000000
6.90000000000000
5
5.50000000000000
4
4.50000000000000
5.20000000000000
5.60000000000000
9.60000000000000
8
6.90000000000000
5.70000000000000
3.50000000000000
3.20000000000000
2.20000000000000
2.80000000000000
3.10000000000000
2.70000000000000
4.20000000000000
2.70000000000000
3.90000000000000
0
0
0
0
0.600000000000000
3.90000000000000
3.80000000000000
2.60000000000000
1.80000000000000
1.90000000000000
1.10000000000000
0.200000000000000
0
0
0.400000000000000
2.80000000000000
3.20000000000000
4
6.70000000000000
5.70000000000000
6.30000000000000
8
7.80000000000000
8.70000000000000
8
8.20000000000000
9.30000000000000
9.20000000000000
8.30000000000000
7.30000000000000
8.50000000000000
7.50000000000000
7.80000000000000
9.90000000000000
7.30000000000000
9.90000000000000
9.30000000000000
8.20000000000000
9.20000000000000
11.1000000000000
9.80000000000000
10.7000000000000
9.40000000000000
6.50000000000000
8.20000000000000
8.80000000000000
5
9.50000000000000
8
9
8.20000000000000
9.20000000000000
10.9000000000000
8.30000000000000
6.80000000000000
6.50000000000000
5.80000000000000
7.10000000000000
7.10000000000000
10.2000000000000
10.7000000000000
6.10000000000000
6
5.80000000000000
7.30000000000000
7.80000000000000
9.70000000000000
9.30000000000000
9.80000000000000
8
4.10000000000000
4.60000000000000
4.50000000000000
5
4.30000000000000
8.40000000000000
9.70000000000000
9.70000000000000
6.70000000000000
2.80000000000000
2.80000000000000
2.90000000000000
3.40000000000000
3.30000000000000
7.80000000000000
6.30000000000000
6.40000000000000
8.40000000000000
2.70000000000000
12.6000000000000
8.40000000000000
7.20000000000000
7.50000000000000
7.40000000000000
10.4000000000000
8.50000000000000
11.5000000000000
7
7.60000000000000
4
3.60000000000000
4.10000000000000
3.50000000000000
5.60000000000000
8
8.80000000000000
9.30000000000000
12.1000000000000
13.2000000000000
10.5000000000000
11.8000000000000
12.7000000000000
8.60000000000000
9.60000000000000
7.10000000000000
8.40000000000000
9.20000000000000
8.40000000000000
8.10000000000000
9
8.80000000000000
9
8.50000000000000
10.2000000000000
9.40000000000000
10.4000000000000
9.80000000000000
9.20000000000000
9.90000000000000
9.50000000000000
9.90000000000000
9.60000000000000
10
9.90000000000000
10.1000000000000
10.4000000000000
10.2000000000000
11.2000000000000
10
10.5000000000000
11.3000000000000
8.70000000000000
0
0
0
0
0
0
0
0
0
0
0
0
0
0
0
0
0 